886
1053
557
819
539
180
952
1560
509
1020
579
481
1629
851
1882
1023
1922
1005
777
251
648
1419
1360
113
1885
143
656
1482
1620
1747
1751
1246
947
751
1600
1927
573
1013
1633
1025
943
652
1536
1650
737
1615
1631
1929
1274
297
1097
1317
6
1518
257
214
171
922
7
1733
1024
1831
245
1623
225
1196
1777
1572
353
1386
979
1011
1740
1807
820
570
1505
1128
967
1798
1122
447
69
1081
1731
80
703
976
1439
1772
1496
517
1538
1065
34
358
602
898
854
620
1926
619
560
531
1928
1688
1252
1028
102
138
806
1175
455
1162
991
571
287
894
604
268
1594
858
283
470
1066
1283
695
72
1583
362
1137
989
1489
449
1136
1143
514
1221
962
479
333
324
47
1803
942
1389
431
934
1859
975
892
1840
677
114
265
809
1366
51
510
895
1144
158
1302
50
1340
1950
407
111
1212
1810
1775
1108
1464
1824
685
568
788
1612
610
1222
235
1384
1041
849
1440
917
1982
1814
1878
1414
1315
746
723
168
476
356
411
1077
1004
478
1613
229
21
736
954
1712
177
1735
786
54
925
1443
216
304
1036
1127
311
22
1830
572
605
414
1680
633
242
998
1355
1540
1738
1832
1575
694
1937
912
768
1562
1898
1282
1245
1173
458
754
234
1934
1048
1034
1364
544
996
1543
804
176
1130
1720
1851
1741
536
1762
1139
884
1698
955
608
68
1757
157
1728
1154
1233
888
1406
852
1746
1477
712
264
197
1609
1067
1473
424
436
1109
1648
1075
1764
812
1383
508
591
1021
1581
790
1382
641
325
381
266
658
583
1769
1907
59
161
1400
1792
497
511
200
923
1604
1621
1547
1918
741
135
956
457
1146
1685
108
1677
130
122
329
675
593
1195
1595
1117
1686
169
1111
1625
65
1905
957
319
1841
1866
1258
61
1040
1657
1354
1836
23
1365
1892
1441
473
1863
491
270
1356
1893
1503
1606
910
1957
1663
1114
977
1351
1850
1468
1228
188
1991
1513
1373
617
1378
372
1450
284
1970
717
926
837
841
1539
1333
1528
518
595
1531
336
1172
139
309
1783
1156
1106
1643
941
133
1736
48
446
1642
77
1184
1997
295
732
1985
260
1256
1638
1161
2000
1380
792
676
731
1323
735
1949
434
725
35
1845
562
635
789
713
1838
1008
548
165
1913
623
897
1447
293
106
1165
986
1632
246
645
1437
547
771
879
1963
545
1294
1275
1862
1703
541
1954
406
1460
1271
1085
316
1321
1702
684
1357
255
594
1759
1570
533
1530
1385
564
475
382
1776
1834
1544
1801
743
477
121
831
308
1296
185
1226
471
1218
1326
1126
878
1491
19
49
468
1198
785
867
1401
415
1410
1043
1646
339
874
538
1826
1499
1458
931
1164
1352
1047
966
793
394
16
1076
1306
1849
239
74
1986
314
936
398
454
1129
1236
843
726
616
1541
827
1931
1906
1176
662
1448
404
1652
708
465
290
378
740
1394
1183
1813
1206
795
907
738
1852
758
766
1896
1392
1255
970
999
764
399
1856
366
1434
1484
1347
554
1660
1234
142
1045
784
1571
103
1961
1208
1467
126
1977
1142
1080
1917
204
1393
8
660
992
889
1118
244
655
1207
420
502
960
818
232
31
306
1725
921
1035
794
1921
432
1135
1481
338
1925
727
1908
1542
1299
1348
1319
285
1251
299
618
1140
150
1895
90
1868
1734
1470
1552
282
493
666
700
1189
1185
1444
866
1914
1713
148
350
451
294
1683
1213
1565
43
693
756
359
657
1263
248
1149
1363
1804
699
1037
1514
403
1673
1309
698
718
1586
461
227
391
702
1082
10
1497
582
1512
1842
908
1662
97
1424
803
847
1936
1523
994
1701
1488
14
269
1079
1981
566
1799
1843
1311
830
774
611
1900
443
1166
86
1716
1861
938
1969
1689
173
1071
813
1159
127
1012
323
872
1923
1325
107
27
346
1116
653
226
254
734
1044
1566
816
1089
651
522
439
466
769
487
1092
1105
540
1774
250
1415
834
1639
462
11
291
1270
38
1597
902
387
1880
1837
946
1506
26
683
664
383
1614
1454
60
1579
1307
1627
1244
749
1568
67
1584
321
352
175
1501
928
1272
1678
1773
52
1249
452
828
1510
33
1742
1131
567
1723
719
1421
330
1203
429
370
332
183
1511
629
1242
1973
530
1946
1930
613
1839
883
337
160
767
1413
1330
839
1061
1001
603
791
1163
1943
1782
823
1099
1778
1704
1749
1200
1869
559
1968
199
1996
1634
1304
1872
1967
1485
1911
456
1598
1942
529
310
1791
301
646
1578
496
1976
778
1404
131
1219
1475
145
1576
1261
271
302
840
1416
62
673
437
1253
972
1694
1919
982
748
1924
1158
1605
1870
499
1553
1754
87
421
1009
1344
904
1567
435
1645
1516
527
1883
855
772
1224
935
1699
1948
123
1853
1186
528
1429
890
192
187
198
614
182
1651
862
1860
179
1060
1107
57
1890
427
1387
412
1515
973
1461
1636
1375
1098
1324
279
1711
400
1881
762
1666
1465
75
1658
826
1582
1214
1241
584
1260
1765
1431
909
1602
83
687
495
136
868
1259
798
543
112
221
760
1637
1671
1710
1855
1644
1361
1854
1320
750
1608
1369
289
1113
674
1405
41
348
1237
1726
1729
1390
1647
1084
307
12
1873
1748
369
857
1521
81
1238
1848
94
453
1975
945
1993
397
3
355
1640
483
625
842
630
390
688
1739
53
733
1179
1277
650
1284
1744
1574
1816
835
627
1971
899
706
1167
140
873
1312
534
1353
1617
1990
802
488
644
615
1721
939
1904
1998
1235
1269
881
1498
156
1909
1054
1590
1551
1303
1100
1192
78
747
1979
1758
39
1032
1737
665
195
1286
238
659
1558
1865
757
880
296
1134
825
89
1983
1520
838
1697
469
1978
349
500
670
134
1533
233
1622
286
844
1190
1910
1125
1459
983
267
1707
985
363
1211
1884
1828
1784
190
44
1456
965
1529
1984
342
1492
1074
1891
1350
1752
1042
1215
1916
365
1070
124
144
720
1017
485
882
170
1474
1026
1248
46
1745
1059
1786
1408
1157
1121
322
1591
516
1090
1695
1151
1952
1915
1812
919
1418
166
492
1618
375
801
40
1101
1708
1102
929
1078
292
1781
396
1328
1486
800
622
360
1635
569
1661
606
1442
63
1220
341
1717
1587
860
153
987
303
389
1229
24
1290
1755
1624
231
654
512
367
1049
388
1015
944
661
1308
1665
1314
903
697
1766
1316
1690
1517
1058
887
1795
1003
963
1239
691
256
196
1225
1876
88
1789
993
263
253
1670
532
1912
1368
280
29
1339
639
1787
1641
968
1457
1292
1903
988
1944
1817
920
1072
556
224
775
15
482
1664
586
1818
1819
1761
575
1091
1519
184
507
990
585
315
277
1715
1046
1170
419
577
1338
1436
1298
327
393
1147
1267
1039
1152
1029
710
1423
1141
1564
856
1435
110
213
1659
1022
373
642
1240
1469
1278
402
501
129
744
930
1374
1199
1115
167
486
343
1462
18
1471
1989
1018
70
1455
395
638
1667
1988
1808
1247
598
1399
1407
1055
1273
317
494
600
1069
1112
178
151
787
940
1223
1362
1674
1706
276
1093
765
152
95
163
1858
205
1180
1935
1815
409
464
951
379
959
1941
206
1402
783
259
92
861
525
423
752
1335
914
426
1607
459
1425
981
1
236
1411
1628
1397
1827
1367
773
1086
526
1318
1527
876
537
82
933
472
1171
1310
154
137
100
1601
513
1972
958
1494
563
961
578
463
1476
1265
56
1779
357
1087
1593
490
1487
865
1209
1345
274
1479
326
220
1002
607
1656
1682
1088
1391
484
474
1033
1691
1554
1956
194
1453
1150
997
1588
681
1596
1806
155
799
1894
1103
807
1063
814
1994
551
1177
101
392
219
211
755
745
679
624
1168
520
552
1094
1992
637
546
1285
565
580
1123
596
964
278
877
770
1051
1732
1500
1559
906
780
1372
1679
141
1495
240
1902
351
222
523
1052
1509
1753
672
230
1676
28
1867
1281
191
1619
347
739
1472
1549
1835
1188
1007
1438
1016
805
1197
1420
1201
1672
189
1945
1857
1561
164
1577
417
729
237
1719
759
853
1062
1797
505
553
368
1266
875
440
441
663
911
345
859
1120
1785
1953
1300
1287
1630
335
1216
428
891
116
1381
1191
1964
1962
504
980
1483
1718
243
1449
1145
647
1974
1280
1342
1153
995
1790
848
671
893
328
1871
1493
730
779
1767
460
761
1000
1396
609
1359
711
918
810
275
261
1388
932
209
480
1331
503
1096
119
689
105
444
445
1155
701
1027
1478
1811
1532
628
913
924
1210
1262
649
1110
1654
1649
905
1933
207
796
599
115
1257
631
1031
273
626
969
1178
109
212
555
864
1548
42
1800
824
416
1133
1722
590
1148
612
215
937
690
728
1780
1202
1809
2
1279
91
1889
1050
588
413
1291
467
30
1295
37
1696
281
1877
241
159
900
716
1010
1463
1939
640
1337
99
1897
258
682
978
845
313
318
298
1545
1825
1370
1585
66
149
597
1550
1822
1899
1490
705
1193
1846
1886
1169
1095
174
667
364
1430
1403
1254
1524
1250
208
1864
1504
32
634
73
1555
709
1349
621
811
430
885
1995
1395
632
678
1743
1535
1616
305
354
442
312
147
722
1181
1788
1534
272
1182
1329
408
386
576
1750
201
203
340
753
1829
817
763
863
692
680
223
128
181
1019
1038
252
949
85
1756
1243
592
1428
1217
1887
1692
1426
120
132
1301
1231
724
1507
871
334
1687
1327
79
1833
1557
76
1305
125
1232
524
146
162
829
1730
1681
1768
1965
1268
380
1332
410
1760
1227
521
1346
1433
1124
1409
515
574
1194
850
186
950
1611
5
714
450
71
405
1589
1901
1276
1508
1796
98
1940
549
1297
1417
422
1546
1805
1341
1763
36
25
262
1802
1336
558
1874
550
1573
1138
1879
643
1705
704
927
707
832
1334
9
1980
1452
715
1580
1083
193
1932
1522
4
13
561
1599
401
1847
1951
1068
1376
1947
1844
1006
433
288
1174
1823
1794
1888
1289
1626
1724
96
869
93
1875
1073
384
1610
104
45
218
915
1377
668
781
228
1466
371
1563
1999
1230
1446
489
300
669
1313
636
833
953
20
117
1700
1684
1821
1160
1358
1592
1693
1655
1920
1569
172
589
217
374
542
1343
1204
1727
721
535
1187
896
1771
1014
808
601
1451
1056
1445
425
1675
519
1119
1526
815
1480
1525
974
948
1793
1966
1427
776
901
84
782
247
1030
249
448
581
331
1958
385
1669
55
376
1960
1537
17
1264
1057
506
64
916
1502
1959
1820
1938
1987
1371
498
1288
1603
1955
118
821
870
836
1668
1104
1064
361
1432
1714
971
1132
822
377
58
320
1709
1556
210
1412
344
846
1770
1322
1379
1653
797
202
1205
1293
438
696
1422
742
1398
587
418
984
686
