15522
70203
85446
47862
97466
5219
24292
80213
87322
76407
61535
73042
35367
83933
96716
65404
67260
61333
11344
60412
93826
76458
94401
72270
14238
11935
13139
50125
90156
27792
4358
27614
27827
40636
63307
46526
45885
37481
61322
57252
63776
30095
54733
47046
27164
32890
38817
47493
4925
28355
44745
75486
29341
29245
89014
48595
44422
98633
74205
54882
13014
66520
68243
56560
74463
13961
21159
15576
17771
56980
44111
57644
38246
5173
57591
29873
78988
1074
11981
2794
52479
18144
20930
55885
69236
17324
26545
12110
68500
12415
48672
72159
69806
77945
32496
4581
22627
71616
79497
48450
72759
71372
59647
27851
14514
93123
61067
18388
78027
26111
51448
99185
18986
47289
19473
56303
39618
45480
52773
79668
8757
41272
22225
25505
17198
45551
49633
30160
18967
52684
73242
65159
56046
26590
74441
12019
92924
15817
43426
28537
51391
62332
99102
41558
72755
55643
45468
62169
50344
86380
32801
26925
14315
7649
17503
15994
24673
46826
57274
49088
50793
85630
66014
36722
18917
54990
48246
99451
14156
98307
60063
62555
34988
81438
92128
23938
7780
7914
52370
49844
69186
52391
10312
80613
61341
67336
85931
41672
98429
2550
74522
68854
63573
14095
50719
80617
34171
53980
97444
71734
18523
79037
15822
71207
11284
34657
94422
85539
36979
44572
18135
14726
23434
75598
62645
51796
24730
15374
26346
63579
57186
50567
18836
94309
3362
97420
99806
84054
15362
35979
21202
87735
27940
5487
4153
93980
70879
16356
71256
54576
30687
25950
58276
58526
72704
64063
48176
52597
26935
56780
81805
40791
69334
18496
53803
47451
24589
66696
99941
7157
32191
96850
29114
2196
92681
17422
20615
35346
33675
49098
22060
34933
77210
40660
68950
24850
94998
85667
17083
47672
72056
14051
98228
92472
47059
65388
80388
64603
57180
75144
43826
74962
64224
29167
39694
87577
9894
90352
70963
69286
64408
68820
95320
12125
47533
53829
86233
59018
81070
14700
48853
85329
62324
39430
31547
95055
24636
70499
50431
8844
22586
98247
19962
76715
58907
6049
69551
67067
97630
77379
86442
70250
98083
76410
2573
90489
38792
64919
76909
60861
53532
60508
13525
7618
15576
2416
18447
78830
37190
97307
75622
69833
39905
93928
8590
59993
736
45549
99415
25394
94143
60142
3052
1619
94591
91808
87732
53533
11745
10055
13227
53512
21030
30880
48112
36557
23067
30712
53295
51909
18015
20575
55910
26046
71085
93496
13337
70730
24563
54201
71761
24791
46824
2813
10789
14181
95247
92509
80552
41318
82352
32369
58286
98088
95514
17737
52324
50338
2575
69170
74164
80247
14432
80678
42570
16175
37297
70893
18835
56130
30640
51053
64170
96015
18292
72619
6088
74426
26329
44718
11186
96204
9832
54765
52033
44245
97869
45577
51769
60359
52883
51916
22377
48744
78044
62390
53831
17979
61520
9292
71435
70624
86447
63204
71116
44798
57956
78373
29682
44916
94757
15556
53984
74968
8600
97396
75526
56571
88303
41165
6014
48506
39543
67188
93542
49280
85498
50485
63616
37175
12532
94157
9043
42039
87579
25238
89535
2095
57267
68456
37044
51108
82678
4115
92284
52001
38022
86698
41340
42112
53902
76000
26396
84284
23371
33010
48370
8151
75875
89658
17054
62248
15715
33929
70081
40405
60170
70796
35035
52541
3570
16809
7405
63530
19853
18175
69081
57396
46790
14325
84078
93701
54574
11953
81573
29604
96908
75583
22180
67351
65970
65058
9230
38143
59562
58113
52337
47133
42014
87031
23770
56018
80503
14242
55365
55345
52999
18417
69257
66025
72749
7298
87597
19433
82741
1242
27399
79520
77722
56793
46379
95139
39444
10254
22440
1095
26015
20899
26782
6820
62222
54461
65297
18103
63291
80538
76766
77626
24272
35691
48272
14633
77520
57436
51342
31077
84361
1435
38121
39119
79395
59490
3648
58146
4352
79353
96797
60807
27809
51666
19642
96941
32590
2041
85514
69865
32101
37155
53066
66378
26610
25910
70193
69796
42628
74960
80084
57007
85468
71349
82605
35520
82000
35792
44435
52679
57992
60525
39566
7455
50857
68283
51832
32732
6269
27221
13955
73403
39834
63347
14431
36326
98245
77875
43923
28680
55543
79154
24302
82687
15874
47366
47067
17073
24858
69186
76267
84097
84800
19448
25633
35426
35460
41489
14292
37712
9253
12346
79630
27840
71537
85679
28113
58807
83767
67911
55793
12377
20658
13765
88837
61037
72076
40692
40493
62041
33361
21870
72428
61117
76088
38106
32195
78077
3644
26229
17936
69908
64689
35951
5864
28530
16721
77733
49921
98524
16155
47815
99629
70891
43635
77538
83544
38183
33950
2918
33903
47026
85856
16160
96516
10244
99314
41878
58050
80900
2788
45068
96602
66223
51738
75130
3253
46536
68607
74464
9035
30810
38973
19113
68127
77923
45083
7194
87098
4188
92102
93654
37535
77974
32151
23824
77498
67537
23302
41400
28272
95785
72256
94559
55350
43700
96298
31548
97913
99259
7891
95136
63698
32082
95878
87843
79745
41261
61501
56711
83481
30060
83233
4196
74228
61927
76582
60947
84925
51267
35727
19227
99185
57622
32022
2856
75443
68297
11767
34192
89885
87972
62692
89011
47522
61105
10298
50500
96481
72057
14245
61382
45168
58651
25140
37943
46298
52311
88403
9648
42830
943
32657
48549
68920
45374
46873
53798
22180
81520
23896
63974
40663
18354
79504
53516
54469
62525
62158
99583
39737
2341
11684
35426
96156
22680
34136
19358
73380
58870
41221
51797
68018
17077
9545
88017
1155
50865
28283
35526
6836
60539
55372
12097
78185
65799
98499
69416
24492
58710
62745
43805
68591
41326
12528
59949
24660
39907
43799
61401
55510
12505
95529
6284
3023
37757
36494
3849
48907
19516
42053
95238
90794
30421
9969
83088
75822
93457
83353
81293
29326
96068
97529
17743
95772
45874
84249
28179
7019
51503
33992
16281
65832
43824
50668
93556
51504
38400
26051
63417
3438
20557
78582
14111
59239
37180
21578
35158
63529
6079
13596
24802
44228
79922
96574
81942
61927
99433
11315
17597
78713
67919
16468
23605
92778
71101
79873
8744
41777
71319
57137
64696
73915
99519
30662
8315
10444
83795
72579
94828
49267
20982
79312
283
22429
15942
68398
82874
93078
23130
78297
45682
39897
96500
87702
51971
22339
38109
59524
55462
66201
45342
54448
29942
54430
62939
53465
12243
14279
87196
36319
81772
90637
41738
82559
24395
93208
70931
73996
53709
99457
44250
14776
13018
83499
32801
7587
9704
33516
93959
81098
87781
75203
68332
94448
15736
19438
60480
38066
73344
11337
75838
78288
82601
66615
23197
90443
32081
3411
78124
94965
62206
71382
46162
13431
79733
32251
28673
60507
4271
49408
10730
74086
385
52174
49989
97922
13501
10353
97894
50551
75482
97380
59374
91480
91355
44417
3468
15689
78098
50619
33238
99250
93296
53804
93847
33512
91577
570
4302
10599
86254
98590
15368
99727
17585
72747
11727
14177
52849
80376
46729
82413
95129
27146
14443
70592
8621
52159
1364
59137
54155
20895
31758
93359
18286
92001
62834
5862
26143
8015
65182
65965
62415
57068
77876
85253
13045
9675
10745
1769
23856
14958
49264
90765
71437
40006
89556
59433
65713
72782
13663
69454
93045
41701
69582
32835
22498
70110
11151
48154
91395
6561
20165
39943
23346
55806
93860
18259
97483
84059
83507
28164
58385
68653
65152
95521
50216
22978
55275
20034
68362
86818
94624
84083
97769
31693
88481
24810
49934
51370
55475
60580
23397
99815
51380
86912
75450
61890
98040
40482
13368
10205
92204
19366
71508
92854
38757
51703
8300
59504
90476
56286
42475
23219
30665
25969
391
3829
64649
69467
87697
58262
15456
96644
3289
20826
51766
6363
30667
55129
73769
28492
69054
48060
58083
28021
26488
70997
40148
30960
25726
96920
13468
93237
43571
471
33566
69185
76112
24583
71334
57163
11128
17256
51590
82347
87401
48206
99752
51925
99351
12374
59118
62518
34131
75620
84104
92919
49184
75811
96690
97254
61127
86071
87532
276
47741
20441
48447
39515
4990
19271
91655
68154
16117
99253
39556
44247
43711
80603
29009
4504
9015
27787
92425
26602
68584
91746
806
26746
81895
95445
83829
42250
58257
56600
32162
53010
36393
97310
4360
2243
79704
2673
13857
32534
46740
48526
32830
17051
71083
31740
55750
32826
72177
27650
59473
39025
19371
61953
95003
19937
91314
92985
48087
52042
29480
38037
91334
31175
90690
74768
84424
46728
32539
2850
16857
72475
92237
21059
99203
8832
22017
70985
24056
34959
72167
17257
25541
550
81867
21392
19234
53967
51048
62009
69045
39275
39005
81703
81701
52359
7273
75656
11946
91646
48740
83720
6503
58422
44213
17752
14072
75356
81209
31858
82389
84445
71709
69670
84277
493
5968
47490
41559
48270
18397
32827
13133
44175
32865
40831
41585
75628
98955
87009
9416
91108
72258
77108
4673
54321
56368
16668
8667
2935
58154
61565
76712
23265
54728
80518
5795
17605
65398
93037
75312
62080
93584
21271
49730
27170
30084
49508
7943
32588
52282
95558
4770
9615
26705
40715
67410
33463
64503
90896
43575
75850
19594
63791
36336
20033
81439
95189
97436
46476
33639
48446
12221
96930
86441
34742
33845
92756
70995
8261
46791
44361
32623
46526
49592
86988
23122
32653
92076
45360
863
20953
32079
41669
22832
57643
61910
53111
91643
68338
73912
45958
33029
77284
96142
60275
4169
70771
7332
87894
31615
59281
17237
655
46139
97841
94853
29167
45849
43325
21945
24553
9437
69886
4173
65711
69570
59018
93535
18126
41267
10649
3381
35676
49254
80344
60353
49520
93129
60384
23729
85581
58396
54777
6876
96638
99752
89837
87699
19825
16463
26498
39935
34178
3416
49136
6548
21423
43222
85977
11784
16886
33574
46708
99437
70459
37206
11154
81235
6652
26757
67621
96715
64054
80402
45592
58052
61463
60745
60579
64579
72883
98340
64730
49405
68871
70212
49049
49735
60390
86052
43834
62880
32505
42839
27909
70394
10305
53642
73538
48787
2153
3837
8126
55262
34229
20686
82490
4577
25643
79183
84085
16609
51470
31939
4781
66046
59016
61548
27957
60080
87172
56485
57385
3167
31709
20435
52975
66897
76664
70376
43475
71935
86102
44750
11692
58244
17595
4805
9915
35263
62701
10708
42119
78349
67768
58662
17862
59562
46012
7283
54020
59265
94716
26408
18490
49006
86835
68535
27143
56178
97603
2176
18603
897
39813
33841
44302
43818
62594
47325
18583
81972
62666
35207
68995
51783
32704
21796
83835
64743
85200
6281
47327
19250
58174
30481
8750
2894
9019
22296
59747
49264
89744
13504
87481
99059
45116
4599
765
12175
25572
2157
49894
87251
27509
53684
80299
745
1248
83741
77182
69822
68950
3942
76101
3724
23023
6938
90143
90975
48239
8001
92031
73889
21666
36286
18488
64406
25215
88075
42603
95847
91288
94422
8289
74316
46444
11057
60285
50656
38061
56746
77333
21265
86985
12912
28923
16580
41745
34817
13165
44256
18460
75740
45901
61128
18481
52697
28479
66293
39249
64344
33521
81247
63940
98154
30286
28128
32339
27176
78694
80235
69130
58751
28393
70691
30431
17926
3640
83199
82562
82136
90121
62532
2940
56798
85600
8790
75185
55034
67098
59577
65695
87438
66661
49880
46937
94173
14430
50136
22874
78310
62589
70292
25880
4249
36888
51909
9134
60658
5816
26209
46626
64862
21835
56789
7427
4128
70167
44977
10524
37491
42971
50333
74897
58704
77197
14
4459
99734
93658
40565
92372
29582
48547
27492
79357
7762
1481
4493
90059
89415
51611
99518
31847
44714
95939
11090
67117
28555
42295
74276
40881
96764
51102
79900
82488
65243
63041
53389
80425
84027
56168
70351
89898
46495
2543
19180
99308
37730
63338
92677
36519
37529
91905
36794
72655
70348
83617
44834
64467
14431
57056
36196
81809
6253
41791
69845
58749
96047
20347
61090
73970
14568
554
49316
95605
8396
62575
25135
86331
9340
88947
23556
463
7570
66143
77242
91072
23967
53451
35374
76867
48036
95209
4455
37624
12330
21003
56804
46075
31684
33505
82695
51585
31116
50173
34133
80083
12729
49908
26924
33474
6121
29132
98038
34650
73392
50286
33032
53884
85003
84398
5135
58716
68930
34851
31087
41282
62294
81795
25812
57549
40934
77046
27293
23899
16621
81484
12180
5120
24812
62388
38681
41675
94580
28013
47162
60412
57859
14180
88302
8282
79047
11462
44716
36490
44736
61568
4079
26733
61839
82148
16876
39343
40563
49996
38528
52795
73867
36995
97922
61245
79001
68734
69807
8619
89744
39205
47292
2008
23565
39625
62493
73374
34880
30005
56106
38907
78356
82153
5874
62132
27195
66813
49598
62249
77314
91381
50247
38633
9539
56249
12309
14614
97418
6054
47515
81515
6099
16505
78570
32494
86868
77889
61305
95757
82112
33337
92875
43664
61015
61831
95226
12270
80673
71900
72563
17735
60273
88035
22260
50685
26357
43896
6040
98088
95863
23117
95354
81976
96500
62926
84825
92620
18152
34633
29811
52648
60253
57505
31850
78247
64871
40230
99793
5995
33553
25008
91797
54686
45161
86659
92110
31478
44093
25994
18087
90568
82239
567
36043
66264
7352
26564
43985
19441
41932
77468
33451
49241
85560
31055
17306
82799
55228
32285
59414
58173
93997
44353
96575
7992
43881
94383
38199
29885
75663
27124
52086
5329
12424
73496
17825
53447
36523
77770
14299
53321
5671
32641
31157
7884
61709
80825
78267
79120
49442
69207
90122
32130
57437
56809
26260
7518
37587
45493
1372
43834
24983
50355
38650
67367
23393
9899
66839
37821
6795
41278
98309
43986
28274
56033
69315
62892
73109
38503
87369
28966
85566
50873
17648
69143
49948
22295
38431
9393
21651
10608
32313
27214
16069
18432
63652
27050
47314
20016
66559
62894
92541
40306
6784
75821
52035
64813
53018
25180
42692
30862
67783
40496
35161
17748
31832
4761
64206
21046
21076
12981
46810
54414
62208
84515
57013
93888
81315
98121
60301
86317
89939
61666
82775
80042
50828
80256
61048
10353
92058
93029
12051
27606
89740
3487
6085
17925
96128
49602
94220
11473
71118
86047
71088
49700
95916
2781
79733
20570
44554
48565
63208
67728
48711
2892
6448
10038
19152
22042
11321
96101
34190
5903
41563
37282
36559
2724
76949
91534
32176
98139
68201
85684
23
7880
21030
88698
3586
79794
9251
40198
98551
12361
6676
94648
18674
44773
3751
48995
21554
26711
39615
2539
37561
21071
95567
47644
68442
90707
33275
25762
85203
67584
31636
36918
31381
2620
23668
48472
87874
55898
92432
83571
51521
15404
73994
92732
88889
12250
41757
52682
73388
30082
69941
32172
41757
44529
60
73385
30096
14431
39236
98911
80422
69929
70853
79838
56340
39752
41088
55887
72200
89998
48488
69857
97769
36296
32058
14673
14891
48315
12617
11994
15
76185
71819
31923
45108
50041
97981
20593
91252
83653
20133
47656
85011
802
88875
14049
14051
83110
17852
30802
94332
976
99032
20432
5421
30340
54064
54107
16243
1280
98587
80423
81001
46767
5919
90652
44054
69693
39952
23677
97243
95449
47368
1788
82151
50463
95205
58327
81858
85595
56654
97277
23046
14931
18559
77532
56933
46316
13785
62275
40064
67483
48606
83154
28532
77100
9744
23378
4433
3340
41567
48702
13909
11696
62457
63863
42309
97734
78718
64299
64607
20333
52051
87757
93902
76508
37322
54821
99361
49603
27073
43207
70243
86909
68225
58252
85804
56392
17742
765
22552
99693
98410
76588
88856
80467
88855
92380
43383
28076
94293
56442
88521
96170
12047
8551
40795
6430
69610
82686
87703
70393
10688
54512
37082
42066
19029
82793
13259
13655
81403
33407
91495
73197
83183
8901
52231
61524
28732
18469
96256
24150
5790
15459
28950
2692
79341
74918
79852
95291
27908
24599
88125
97805
93727
71060
53828
45524
36866
41144
67903
21933
39736
14164
27448
65385
7051
82891
14266
3700
55426
10403
16075
28996
93277
50338
20850
23899
64405
89043
89869
73956
46163
50690
90500
28390
1009
62452
2294
21013
82694
70421
89420
35456
8128
52090
98610
32864
28352
2272
83164
12224
49628
71075
56037
69254
24094
94629
9038
77064
92711
58426
8066
88997
5432
94679
56542
86612
63466
13587
54818
82430
40905
74255
58198
70331
31374
5165
53800
96422
57391
71219
10863
85685
63628
31228
60128
10694
92464
28752
14017
1511
36964
73374
49161
10710
77039
92741
78286
20987
71569
54004
30799
40380
57643
46560
23112
68656
88089
62138
54791
99468
39460
51448
4375
31252
31276
26618
80328
14658
79417
59755
16948
711
49827
17465
82486
83717
24307
27732
2740
44109
51302
4785
69902
97533
47341
91351
71819
62472
21823
79059
12148
71390
31387
61760
57511
13802
77916
68189
72096
28499
30901
56592
49735
41028
3628
87677
14506
23172
90500
36512
83635
17920
47666
58111
76191
15283
1234
51412
74261
31691
11243
95258
76411
35199
36250
86151
62793
6083
32596
16441
14923
88005
56967
24870
51585
67784
7376
89424
78176
1552
71010
89267
32652
72922
5345
18624
4495
94997
26392
40607
17414
8053
89286
80743
74507
31762
22909
42686
92355
2734
62274
45318
594
85891
51327
37096
94746
1531
51958
63106
11175
28662
19754
45892
64787
91842
97273
8551
7427
40193
15
39612
91000
6043
28543
37033
52750
91573
65343
47803
74675
41836
20729
69381
41983
15370
20746
15352
64025
68186
4436
27105
45924
71477
57429
12714
91066
73011
99150
94184
66501
23926
97057
45608
70912
75512
7496
13586
80208
81666
88296
4672
97023
38796
17816
4508
98206
35371
99093
98854
91818
57945
31088
94397
1774
54492
67716
1194
44360
74700
27453
44347
3997
85463
98666
42801
61550
39291
76668
43046
57060
32763
17416
93868
43333
25937
18190
23648
84407
60445
80772
74047
57936
69167
87014
44162
610
82638
44761
3456
54622
43993
13268
41113
47795
44392
64023
12705
98556
37267
13532
11011
90153
90085
92496
86299
1394
40023
49266
89557
74341
42644
22800
56359
64221
92621
46996
7403
17424
11493
63316
6255
95336
9386
53449
28769
64863
66269
264
40390
75107
5750
52212
69122
50502
22246
77267
77484
77697
51237
80940
34496
67668
51573
43584
29647
43980
44525
44265
22823
28827
94034
72339
70463
24866
70278
26528
16499
39210
44305
36153
63379
30199
50001
53805
16233
43572
21465
32644
95120
43458
48048
5387
42377
68775
86490
67777
33423
23464
56244
49729
41157
54002
4983
65456
24280
16482
69617
96254
33543
76614
94526
90964
20188
69208
76028
79435
20229
91229
62016
5040
7625
82004
15164
37784
91320
80730
38756
20874
26285
56301
34686
16362
84312
15293
20251
28000
53945
41419
87662
62648
2247
30715
8785
46234
33401
45743
74000
51990
60036
78769
31699
17723
91537
35127
83132
17453
14961
30364
50978
46206
32074
40630
27200
69086
18040
5861
82107
14060
12454
61892
31226
34255
21865
18145
93398
28735
18853
69533
9674
1502
37435
9618
20859
95723
61600
69279
28016
32089
25261
66038
13954
4637
11620
93008
670
28034
37144
19623
40044
62652
59892
86572
73066
81975
8254
76247
10295
11897
43447
93473
5255
42394
15448
53334
9367
23383
51780
64911
39457
57140
80616
50189
13450
77987
69148
26113
42826
86511
48384
54521
2231
82220
92434
16326
26927
6463
8908
87196
39955
91023
87535
14780
30523
54411
82766
57315
66751
48319
45283
57563
73034
93491
74044
44366
92320
39040
24275
75936
81683
8591
90572
26237
37190
81797
75997
70032
12672
11117
401
62040
44125
54019
97933
49798
36322
15741
38613
23731
34494
78910
51305
77498
69105
89582
69839
46695
48147
88370
63970
27234
67615
43983
12951
46222
53425
1324
75950
28411
65451
64463
33055
54940
79291
45398
90570
37397
23427
4783
61829
41083
58644
45525
27999
63729
66032
10477
68846
43233
89936
60376
9595
95026
83696
93814
81579
36969
1819
35272
69749
17390
94356
10279
61293
26499
88484
5135
13241
14042
977
28769
84810
55155
2877
43749
30081
67569
17313
60749
80076
43946
57257
20460
87737
48670
63552
3714
21635
53165
94927
30404
69395
97134
73764
36334
19374
50596
26140
82851
93909
76267
56134
93384
40850
26317
11322
98267
11553
37637
91763
58157
27343
24387
48595
47218
86941
77928
58222
35962
79913
52532
57132
58668
97061
61874
46847
40848
36379
86040
77123
53484
15641
32193
4531
93558
20173
71032
61598
1462
9242
58671
28032
22108
5177
82952
6349
94176
82465
82479
36492
26077
27904
88093
50721
11424
39469
1271
39442
14219
29596
83676
24322
53314
40196
79927
6400
58750
25241
87362
21095
92620
61324
92487
88985
35067
77473
39410
75942
72701
91179
58227
25456
72400
31357
88092
39539
76567
89882
11724
40322
59238
68870
60276
1196
87573
8294
67599
9154
59833
93557
68877
77469
33269
31942
65548
55609
99255
15996
18368
77146
6134
23889
4900
56250
93502
2404
11587
32525
98497
12395
56211
77130
32430
62702
29882
17926
91944
335
21699
99073
39916
13009
20419
86231
74929
74680
58003
9420
83239
83198
75881
526
82072
835
89809
13407
96543
79353
54969
10487
25832
36969
18954
17764
1732
19900
96347
28617
56925
26684
5446
23950
37010
5052
30616
63882
53899
55498
64667
86455
24877
99098
2181
41496
76310
60127
10135
18415
64903
24823
61068
30296
65211
34974
24485
2503
11670
57134
80613
25953
59579
38768
73687
61516
25617
80936
15389
70276
60148
18596
77385
25023
67623
81882
59108
87695
10519
80783
84309
24536
93384
27420
33886
45612
47111
68092
41543
90615
76658
5996
65444
565
86213
55342
25571
63333
37114
80384
89328
81564
72337
48175
36234
48382
38732
27999
70135
54339
42691
3637
28736
16306
49078
15155
97052
14874
96508
58521
36133
79246
61320
22564
92552
17238
93693
34708
67313
86711
29965
83928
67667
59561
76685
72024
52460
41125
34563
1182
68337
95021
56281
91740
47687
91747
97169
39555
95226
71541
12461
60842
36528
62738
24250
47688
50682
86162
67970
20449
92966
81194
47924
74780
10065
96551
19019
82032
90555
73080
36634
32720
76677
65328
80048
30607
81763
54351
99282
81770
48359
61317
16252
94618
73794
40503
85193
94610
57296
77412
1413
44100
44160
55301
60893
48294
20196
95391
78856
5903
52402
99481
18197
46454
71326
25875
77178
86139
81712
450
12660
88032
20785
16771
24715
54334
71692
29358
14661
69978
95125
61959
75434
96644
1355
59572
50354
40925
27764
34130
70960
71363
22092
68217
11987
19233
96004
11431
61666
36879
28907
20412
8814
58784
74076
48393
61486
10005
69491
93970
79342
83171
30376
45513
65662
3997
22766
52484
88657
27507
18907
57104
52566
65548
55923
7837
45117
87823
44548
77959
81040
14246
63618
10574
70574
26728
54525
6761
837
91251
19080
82482
88730
68264
85237
78608
22854
70627
44663
75725
92558
34346
59035
80648
82750
82
30121
79383
94046
52775
92115
50164
14170
34546
29427
68560
78620
48490
26244
21249
1274
78603
90284
49290
44865
47952
8720
86156
25721
4270
27795
91060
12527
82047
74180
96694
2356
27118
62929
67398
5604
38940
31506
56783
50493
77558
4655
64928
71418
68281
26404
27054
21685
53846
91072
57924
61362
2642
30427
9165
9821
99091
33592
2412
69907
23543
52101
1062
6746
80398
48501
86527
27942
99093
72009
40082
45572
47261
2950
71853
50623
85710
97379
58931
16513
87581
43119
39709
11842
7143
12221
79208
41391
23661
63844
16154
10435
13654
43171
18439
55483
10580
45016
68689
10785
39496
69755
56354
82540
21629
75306
24117
4155
7820
3039
92400
16587
49261
57366
87321
28161
12071
84845
28932
54549
56241
22805
92113
73249
68421
8986
29444
5389
91540
19011
56554
10313
59024
67564
55631
75196
11529
15203
40682
87475
99431
37825
92237
31617
7798
98304
89464
58768
30050
16346
4889
43235
52451
39943
8936
91798
78769
95099
40268
77794
69672
41847
24369
81526
47793
67011
45944
61943
74783
8412
31240
22788
10770
79959
58217
71523
94570
98713
66371
50577
96412
6699
38089
86351
43284
53321
83721
4764
36525
4887
44483
66218
20099
17490
55633
91871
12882
1719
52633
31298
44662
66640
19620
30050
9259
93290
77827
90447
95800
23468
31621
30270
30312
68701
83947
57143
13306
7138
85875
54580
77639
84946
84438
38643
85244
40646
52150
73036
76667
51619
79900
16021
44064
80977
27269
40060
44501
76421
34097
66
34108
29676
17536
66902
75737
11153
26656
74539
50018
32345
83522
19853
29526
12645
45718
50542
32663
27781
27668
17097
95212
98838
33586
57137
76911
15547
82188
22105
93465
68224
70827
36397
97345
84876
28013
13318
40031
21292
73970
31068
37955
53740
86724
60193
45043
34878
36416
8317
15836
46070
54870
11953
95108
30024
24740
33966
62802
63773
68203
70554
47044
36458
22390
22360
89031
17407
21078
6543
96026
42379
22733
26693
65924
15822
86466
95627
31751
44408
29367
53686
91384
86566
61976
38750
21994
26581
19206
21438
83807
41132
43899
38946
75467
35751
65705
79256
63920
58266
38918
66087
40135
20356
15331
26909
85859
20307
83273
68855
61904
26821
69326
96224
93120
84738
85562
94749
37556
10516
23523
20004
8001
15349
68517
95940
14291
52439
71618
69040
44450
79221
55681
35179
57059
72544
10551
10727
93680
27874
97178
31413
64502
94516
65884
84858
66604
93708
16358
39813
21153
29888
82503
35233
23054
49675
23475
69341
53741
4225
15517
285
48212
84916
10012
70768
3116
8124
55799
68512
16748
1333
64564
24277
80764
41719
44454
62450
4924
21378
90041
88517
86218
67739
29018
22046
94343
77038
93801
35687
78891
75974
20066
2501
35410
17941
85664
90974
69305
51197
36906
43167
79616
68699
49522
22997
53822
24957
47705
1309
62492
82067
43758
60564
80361
36969
95292
63849
47059
70446
90778
1787
32568
64713
13459
90513
15951
58661
86870
20307
99242
97647
1997
35766
30753
82419
65258
15731
67073
20552
37997
17133
72750
70244
36079
83402
5386
14654
80277
64780
59886
93745
47844
36447
6290
17746
91397
97585
42604
30898
87848
52013
72763
94784
25625
67543
61553
80664
8501
63640
62596
2355
96430
28133
86230
27417
70971
27943
71182
3443
55354
40121
74932
49417
23823
25290
76638
50559
64654
84443
59466
95402
97607
33161
73542
70601
64693
72194
72908
28760
92380
71808
91046
799
89920
45026
88563
65493
15489
80150
43824
8366
32667
80061
42166
31300
18405
15486
58137
83528
30894
66488
61707
96696
99857
87984
81461
67003
70843
48320
70232
67121
74754
98677
75883
61842
20454
76148
72328
43759
93278
45318
10993
27855
4469
20878
96000
84066
6051
11869
32934
57803
43007
18757
26643
90665
96716
61655
45065
38109
1245
83754
54660
83769
68348
44814
19548
35262
8536
839
35164
80462
84611
5667
13397
40675
49187
50892
12666
68940
12665
18980
71748
1330
91876
41699
37751
55067
27459
46815
93834
61128
32335
39406
36633
2223
94443
84861
2452
59750
56604
16996
47697
43894
58169
80857
69569
88374
22767
74030
390
92787
37573
10883
84364
44077
86099
2345
12450
61373
78846
54014
62699
54081
65453
82561
2683
71665
10180
66669
77236
84843
72916
61263
98937
41067
18565
26582
69337
93904
22689
32996
3386
65162
64876
50815
53935
33674
23638
68947
51137
45553
43885
67097
33812
3714
51309
5092
72711
14125
51833
27747
29346
12093
56849
31633
72545
85847
31832
31120
6840
23062
57485
11682
38978
60583
74101
62362
70094
53252
9438
74891
27377
76153
22595
53536
40660
81587
68371
97129
17749
193
93293
56779
17766
60227
86048
85598
8366
51287
77392
31249
37093
75510
54473
80963
5602
16531
51205
84123
6391
54938
57334
16922
14207
59811
47711
23434
75302
70088
17764
51665
4893
34004
49404
72846
88398
58855
31824
67412
45573
37926
53801
90138
90346
1908
98616
27926
96409
24289
79209
84289
93099
40080
35867
88276
40237
2655
97390
97355
79446
16943
86736
51000
36146
97039
84244
64735
27774
74089
46098
74729
5403
23804
51933
75209
97187
3753
66258
14607
93276
87170
93747
56679
8234
94253
28077
6130
39925
19925
77111
86386
75919
2549
77832
88033
7580
69301
84362
59702
99661
92263
34323
24880
2809
42876
44937
81475
71978
14109
23207
92689
16139
59479
70502
84503
90944
74316
75622
37795
41522
85842
11964
88519
75886
51440
33411
34304
61072
3891
55058
40826
51251
3351
50830
76906
78605
66828
56948
55618
2695
90266
56925
80692
4193
54231
59128
77808
64984
80169
67195
19493
19868
9309
1370
98818
65222
30598
10733
53024
10735
83626
63636
3509
17467
39110
18965
60686
71488
47324
82683
63620
88349
37809
88809
35000
18197
19167
17601
57345
28645
7177
88122
57214
50945
49739
39560
64637
41317
99376
95857
7957
58290
74522
38714
35419
24165
11003
69986
19751
59617
82198
83324
50945
52461
73345
92770
10523
8621
90144
18409
76549
96578
23439
21659
24655
14512
52659
79133
80041
21617
53565
78721
53116
74059
55261
70881
49859
39831
35713
62326
4915
63432
29780
89319
36237
51808
57845
12943
81267
39573
70314
18818
92609
51578
3003
50379
51375
69287
88801
78368
55404
4682
86330
44650
72565
68311
61940
56723
29328
42512
40391
28719
83932
86853
2667
80399
5408
38452
83703
69200
40232
81498
48348
30136
58999
70710
79768
110
59650
41178
21377
96239
94770
18877
28635
34901
88539
4026
70832
53934
64619
25621
39331
44911
40948
62233
37014
96152
26833
78371
76047
19052
97475
78916
84088
98540
27287
34242
49123
77446
48006
10814
7209
70954
44060
11366
11509
39503
98382
64638
57046
98822
14873
3996
60257
22964
97469
36677
99845
3750
84158
82438
88261
12213
63801
9675
88540
23891
68917
55702
46858
66047
84954
6163
33284
7141
1604
51559
61176
41540
77666
96989
44021
32049
90358
69892
54094
5609
92176
96334
10561
5815
38940
9496
18852
86529
10815
8041
83775
42248
97349
60922
6746
9972
17941
65324
78900
5560
87462
7228
58153
92725
90896
41780
49160
54958
33558
93529
23218
10387
66661
89526
12850
79693
68777
41700
32866
73189
92810
27547
25444
70820
80221
15823
34601
68357
90683
76435
75154
92041
83080
26015
2914
85882
41675
19510
30312
85079
63617
2265
32904
89980
48915
54680
44314
86191
23922
82500
49187
55187
30691
61079
73081
42799
90289
44174
17937
6570
21015
46408
75253
14799
57083
73319
97865
25839
78138
80102
69777
96947
23090
25842
39508
4843
18512
44532
64775
27241
4729
40763
74405
29416
97154
19479
70318
85094
58189
83830
16298
92950
38746
22231
13840
29857
23492
75628
27793
84449
39437
69435
71447
11386
64441
49815
9389
28591
94426
65073
29660
73308
42522
52199
79213
80991
83092
831
14149
29127
13840
42873
62372
20898
26866
38609
32193
37114
54404
24217
63663
60636
81367
59158
78943
70246
34630
88793
29621
89053
24324
63840
2758
14140
7851
75580
94204
8059
45614
40708
68941
39504
22852
76275
66240
37262
81604
78820
54178
81132
52783
83787
73189
74400
92575
21015
16918
29684
6519
48881
58115
94270
23075
24932
356
43772
12600
50052
11739
89426
91848
84975
84230
68206
1488
78937
2566
37457
80706
97140
26071
70382
99254
36289
60866
89286
32700
31986
39215
30862
4150
52065
8940
45886
93796
13601
336
35
49111
57985
15874
64207
17558
37048
37075
25891
9701
79464
24282
46042
5945
73860
5863
62271
71085
82195
94800
98894
21647
31332
24100
85917
3757
18801
13530
37129
79557
78665
51142
4640
52599
30960
57111
50873
46200
53774
41215
50629
33866
82720
942
80354
26005
91166
69150
93927
38936
73623
26162
29017
22806
35465
35439
685
52035
12805
92369
49378
81622
8645
47535
42265
43876
76242
74940
84784
28180
84461
86228
43046
24342
58979
10835
97861
6918
52228
69112
45491
29112
859
5926
21048
76931
44598
98199
3790
4951
12864
78999
46671
89985
47153
35627
19086
88642
27543
8834
35400
82264
36541
47804
80490
38134
6286
39507
72562
29443
75326
43591
90375
19326
20219
31458
